Group0:{67 170 1457 }
Group1:{13 21 23 25 34 36 41 55 61 75 89 95 102 108 109 125 126 140 149 161 194 200 202 220 227 228 231 252 263 268 272 274 282 303 304 305 312 314 338 363 396 434 447 480 484 529 530 561 566 572 585 589 591 607 616 617 627 635 639 646 649 658 696 707 715 719 727 754 770 772 809 828 836 840 852 856 860 861 893 905 915 938 959 960 977 982 990 1012 1013 1030 1066 1067 1078 1101 1110 1113 1117 1123 1139 1159 1161 1162 1167 1173 1176 1179 1182 1200 1213 1236 1249 1254 1263 1264 1267 1268 1269 1276 1297 1330 1343 1354 1356 1360 1364 1381 1382 1391 1393 1403 1411 1415 1480 }
Group2:{205 217 264 270 278 280 301 394 436 465 476 538 570 632 656 713 746 783 949 1045 1107 1240 1253 1362 1443 1456 }
Group3:{308 345 348 426 548 694 850 929 970 1000 1141 }
Group4:{28 78 299 763 811 920 1507 }
Group5:{2 12 50 62 77 135 143 153 163 164 277 283 297 307 316 319 354 360 381 386 401 412 435 451 455 462 463 477 478 507 509 518 532 555 567 569 587 615 636 669 701 724 773 830 835 838 847 872 882 889 891 897 937 951 962 989 997 1016 1017 1018 1033 1059 1103 1148 1152 1172 1188 1198 1199 1207 1222 1287 1298 1327 1332 1335 1341 1396 1397 1405 1406 1414 1434 1442 1458 1465 1487 1492 1496 1503 }
Group6:{3 230 247 306 482 866 957 }
Group7:{1 9 14 15 17 18 19 22 30 31 32 33 39 40 42 44 48 56 58 59 60 63 64 65 66 68 72 73 74 76 79 81 86 88 91 92 93 96 98 99 101 103 104 105 106 112 114 115 116 117 118 120 122 129 130 132 133 136 138 139 141 142 144 145 146 147 150 151 152 154 165 167 168 169 174 176 179 180 181 182 183 185 186 189 192 193 195 197 201 206 209 210 211 212 214 215 218 219 221 224 226 233 235 236 237 238 241 244 245 246 248 250 251 253 255 257 258 259 262 267 269 275 276 279 281 286 287 288 289 290 293 296 298 300 302 310 313 317 325 328 329 330 331 332 334 335 343 344 347 352 357 359 362 364 365 366 367 369 370 377 378 379 380 382 383 384 385 387 388 389 390 392 393 397 398 399 402 404 406 407 408 409 413 414 416 419 420 423 424 425 430 431 433 437 438 440 441 442 444 445 448 450 456 457 458 460 464 470 471 472 473 479 483 485 486 487 489 493 494 495 496 498 499 501 503 505 506 510 511 512 514 516 519 520 521 523 524 528 533 534 541 544 546 551 552 553 556 559 562 564 565 568 573 574 576 582 592 595 596 598 599 600 604 608 610 611 612 614 618 621 626 628 629 630 637 640 641 643 644 650 652 655 660 662 664 665 668 671 676 678 679 681 682 688 689 691 692 693 695 697 699 702 703 704 705 710 711 717 730 731 732 735 743 745 748 750 753 755 756 758 764 765 767 769 775 776 779 781 784 786 787 791 794 798 800 801 804 805 806 807 810 813 815 817 819 821 823 827 831 833 845 851 854 859 862 864 865 867 868 871 873 874 875 876 877 880 881 884 885 887 888 898 902 903 904 906 907 908 910 911 912 913 919 925 926 927 928 932 933 935 941 942 944 947 948 952 954 955 956 958 961 965 967 971 973 975 978 980 981 983 984 986 991 994 1003 1004 1006 1008 1009 1010 1014 1015 1020 1022 1027 1028 1029 1037 1043 1046 1047 1048 1049 1050 1053 1055 1056 1058 1060 1068 1070 1071 1073 1074 1077 1079 1080 1081 1082 1083 1086 1087 1089 1091 1094 1096 1098 1105 1106 1108 1111 1112 1114 1115 1118 1119 1121 1122 1124 1125 1126 1127 1129 1130 1137 1142 1149 1154 1155 1164 1165 1166 1171 1174 1175 1177 1178 1181 1184 1187 1191 1192 1196 1203 1205 1206 1208 1209 1210 1218 1219 1220 1221 1223 1225 1226 1227 1229 1230 1231 1232 1233 1235 1238 1239 1242 1251 1255 1256 1257 1260 1261 1262 1266 1270 1272 1273 1277 1278 1281 1282 1284 1285 1289 1293 1299 1300 1303 1304 1305 1306 1307 1309 1312 1314 1315 1319 1320 1321 1322 1324 1325 1326 1334 1337 1339 1342 1345 1346 1350 1351 1355 1358 1359 1363 1368 1369 1372 1373 1374 1375 1377 1378 1384 1386 1389 1395 1400 1404 1409 1413 1418 1419 1421 1423 1425 1426 1432 1433 1437 1438 1439 1441 1447 1449 1452 1454 1455 1459 1460 1461 1466 1469 1473 1476 1481 1482 1484 1489 1494 1497 1499 1500 1501 1502 1504 1505 1506 }
Group8:{85 825 }
Group9:{37 90 111 207 315 374 395 432 466 502 571 613 661 738 812 814 901 946 988 1001 1075 1132 1163 1243 1286 1288 1401 1417 1436 1450 1467 }
Group10:{57 82 110 113 121 123 137 155 158 173 175 177 196 208 234 249 292 294 295 318 327 351 373 418 422 452 459 467 481 491 504 525 535 536 537 547 549 560 584 633 654 659 672 684 718 728 736 759 789 796 799 822 863 870 878 899 918 945 969 987 999 1002 1005 1023 1041 1044 1051 1084 1088 1138 1145 1147 1197 1201 1217 1224 1234 1245 1294 1296 1301 1347 1387 1398 1402 1407 1424 1429 1445 1453 1463 1468 1474 1477 1479 1498 }
Group11:{4 7 8 10 16 35 38 43 45 46 47 49 51 52 53 54 69 70 71 83 84 87 100 107 119 124 128 131 134 148 156 157 159 162 166 171 172 178 184 188 190 191 203 204 213 216 222 223 225 229 232 239 240 243 254 256 260 261 265 266 273 285 291 320 321 323 324 326 333 336 337 339 340 341 342 349 350 353 356 358 361 368 371 372 375 376 391 400 403 405 415 417 421 427 428 429 439 443 446 449 453 454 461 468 469 474 475 490 492 500 515 517 522 526 531 542 543 550 554 557 563 578 579 580 581 583 588 593 594 597 601 602 603 606 609 620 622 623 631 634 638 642 645 647 648 651 653 657 663 667 674 675 677 680 683 685 686 687 690 698 700 706 708 709 712 714 716 720 721 722 723 725 726 729 733 737 739 740 741 742 744 747 751 752 757 760 761 762 766 771 777 778 780 782 785 788 790 792 793 795 797 802 803 808 816 818 820 832 834 839 843 849 853 855 857 858 869 879 883 886 892 894 896 900 909 914 921 922 923 924 930 936 939 940 943 950 953 963 966 972 974 976 979 985 992 993 995 996 1007 1011 1019 1021 1024 1025 1026 1031 1034 1035 1036 1042 1052 1054 1057 1061 1062 1065 1069 1072 1076 1085 1090 1092 1093 1095 1097 1099 1100 1102 1104 1109 1116 1120 1128 1131 1133 1134 1135 1136 1140 1143 1144 1150 1153 1157 1160 1168 1169 1170 1180 1183 1185 1189 1190 1193 1194 1195 1202 1204 1212 1214 1215 1216 1237 1241 1244 1246 1247 1250 1252 1258 1259 1265 1271 1274 1275 1279 1280 1283 1290 1292 1295 1302 1308 1310 1311 1313 1316 1317 1318 1323 1328 1331 1333 1336 1338 1340 1344 1348 1349 1352 1353 1357 1361 1365 1366 1367 1370 1371 1376 1379 1380 1383 1388 1390 1394 1399 1408 1410 1412 1420 1422 1427 1428 1430 1435 1440 1444 1446 1448 1462 1464 1470 1471 1472 1475 1478 1483 1485 1486 1488 1491 1493 }
Group12:{0 6 11 20 24 27 97 160 1038 }
Group13:{29 80 94 187 198 199 242 284 322 488 508 513 545 577 586 625 670 768 824 829 841 844 890 916 931 998 1039 1040 1063 1064 1146 1156 1158 1186 1211 1248 1385 1490 1495 }
Group14:{271 309 590 968 }
Group15:{575 624 895 934 1392 }
Group16:{5 }
Group17:{26 127 311 346 355 411 497 527 539 540 558 605 619 666 734 749 774 826 837 842 846 848 917 964 1032 1228 1291 1329 1416 1431 1451 }
Group18:{410 673 }
Group19:{1151 }
